57,4
57,3
57,2
57,1
57,0
56,4
56,3
56,2
0,496
56,1
56,0
0,495
55,4
0,494
0,493
0,492
0,491
55,3
55,2
55,1
55,0
54,3
54,2
54,1
54,0
0,490
0,489
53,4
0,488
0,487
0,486
0,485
53,3
53,2
53,1
53,0
0,484
52,3
52,2
52,1
52,0
0,483
0,482
0,481
0,480
0,479
51,3
51,2
51,1
51,0
50,3
50,2
50,1
50,0
49,4
49,3
49,2
49,1
49,0
48,4
48,3
48,2
48,1
48,0
47,3
47,2
47,1
47,0
0,478
0,477
0,476
0,475
0,474
0,472
0,278
0,9
3,2
3,1
3,3
10,138
10,251
10,69
10,73
10,105
10,28
10,94
10,1
10,234
10,2
10,3
11,21
11,15
11,20
11,17
11,5
11,1
11,13
11,2
11,3
9,7
9,6
9,1
9,4
9,2
9,3
8,16
8,13
8,18
8,15
8,1
8,17
